4001 0 3001 191 477500
4002 1 3001 18 360000
4003 2 3001 1 150000
4004 3 3001 1 50000
4005 0 3002 183 457500
4006 1 3002 21 420000
4007 2 3002 1 150000
4008 3 3002 1 50000
4009 0 3003 159 397500
4010 1 3003 13 260000
4011 2 3003 1 150000
4012 3 3003 1 50000
4013 0 3004 187 467500
4014 1 3004 17 340000
4015 2 3004 1 150000
4016 3 3004 1 50000
4017 0 3005 136 340000
4018 1 3005 14 280000
4019 2 3005 1 150000
4020 3 3005 1 50000
4021 0 3006 200 500000
4022 1 3006 14 280000
4023 2 3006 1 150000
4024 3 3006 1 50000
4025 0 3007 156 390000
4026 1 3007 11 220000
4027 2 3007 1 150000
4028 3 3007 1 50000
4029 0 3008 162 405000
4030 1 3008 15 300000
4031 2 3008 1 150000
4032 3 3008 1 50000
4033 0 3009 152 380000
4034 1 3009 14 280000
4035 2 3009 1 150000
4036 3 3009 1 50000
4037 0 3010 115 287500
4038 1 3010 25 500000
4039 2 3010 1 150000
4040 3 3010 1 50000
4041 0 3011 164 410000
4042 1 3011 17 340000
4043 2 3011 1 150000
4044 3 3011 1 50000
4045 0 3012 182 455000
4046 1 3012 19 380000
4047 2 3012 1 150000
4048 3 3012 1 50000
4049 0 3013 165 412500
4050 1 3013 23 460000
4051 2 3013 1 150000
4052 3 3013 1 50000
4053 0 3014 127 317500
4054 1 3014 20 400000
4055 2 3014 1 150000
4056 3 3014 1 50000
4057 0 3015 175 437500
4058 1 3015 11 220000
4059 2 3015 1 150000
4060 3 3015 1 50000
4061 0 3016 133 332500
4062 1 3016 11 220000
4063 2 3016 1 150000
4064 3 3016 1 50000
4065 4 3016 1 127500
4066 0 3017 102 255000
4067 1 3017 22 440000
4068 2 3017 1 150000
4069 3 3017 1 50000
4070 0 3018 133 332500
4071 1 3018 11 220000
4072 2 3018 1 150000
4073 3 3018 1 50000
4074 4 3018 1 162500
4075 0 3019 145 362500
4076 1 3019 24 480000
4077 2 3019 1 150000
4078 3 3019 1 50000
4079 0 3020 155 387500
4080 1 3020 22 440000
4081 2 3020 1 150000
4082 3 3020 1 50000
4083 0 3021 146 365000
4084 1 3021 20 400000
4085 2 3021 1 150000
4086 3 3021 1 50000
4087 0 3022 126 315000
4088 1 3022 13 260000
4089 2 3022 1 150000
4090 3 3022 1 50000
4091 4 3022 1 5000
4092 0 3023 130 325000
4093 1 3023 16 320000
4094 2 3023 1 150000
4095 3 3023 1 50000
4096 0 3024 134 335000
4097 1 3024 12 240000
4098 2 3024 1 150000
4099 3 3024 1 50000
4100 0 3025 100 250000
4101 1 3025 10 200000
4102 2 3025 1 150000
4103 3 3025 1 50000
4104 4 3025 1 65000
4105 0 3026 153 382500
4106 1 3026 25 500000
4107 2 3026 1 150000
4108 3 3026 1 50000
4109 0 3027 197 492500
4110 1 3027 25 500000
4111 2 3027 1 150000
4112 3 3027 1 50000
4113 0 3028 184 460000
4114 1 3028 20 400000
4115 2 3028 1 150000
4116 3 3028 1 50000
4117 0 3029 120 300000
4118 1 3029 14 280000
4119 2 3029 1 150000
4120 3 3029 1 50000
4121 4 3029 1 10000
4122 0 3030 154 385000
4123 1 3030 21 420000
4124 2 3030 1 150000
4125 3 3030 1 50000
4126 0 3031 105 262500
4127 1 3031 15 300000
4128 2 3031 1 150000
4129 3 3031 1 50000
4130 4 3031 1 22500
4131 0 3032 184 460000
4132 1 3032 10 200000
4133 2 3032 1 150000
4134 3 3032 1 50000
4135 4 3032 1 5000
4136 0 3033 133 332500
4137 1 3033 16 320000
4138 2 3033 1 150000
4139 3 3033 1 50000
4140 0 3034 152 380000
4141 1 3034 18 360000
4142 2 3034 1 150000
4143 3 3034 1 50000
4144 0 3035 188 470000
4145 1 3035 18 360000
4146 2 3035 1 150000
4147 3 3035 1 50000
4148 0 3036 142 355000
4149 1 3036 16 320000
4150 2 3036 1 150000
4151 3 3036 1 50000
4152 0 3037 196 490000
4153 1 3037 12 240000
4154 2 3037 1 150000
4155 3 3037 1 50000
4156 0 3038 134 335000
4157 1 3038 17 340000
4158 2 3038 1 150000
4159 3 3038 1 50000
4160 0 3039 178 445000
4161 1 3039 15 300000
4162 2 3039 1 150000
4163 3 3039 1 50000
4164 0 3040 139 347500
4165 1 3040 17 340000
4166 2 3040 1 150000
4167 3 3040 1 50000
4168 0 3041 127 317500
4169 1 3041 13 260000
4170 2 3041 1 150000
4171 3 3041 1 50000
4172 4 3041 1 27500
4173 0 3042 198 495000
4174 1 3042 10 200000
4175 2 3042 1 150000
4176 3 3042 1 50000
4177 0 3043 192 480000
4178 1 3043 10 200000
4179 2 3043 1 150000
4180 3 3043 1 50000
4181 0 3044 150 375000
4182 1 3044 16 320000
4183 2 3044 1 150000
4184 3 3044 1 50000
4185 0 3045 113 282500
4186 1 3045 12 240000
4187 2 3045 1 150000
4188 3 3045 1 50000
4189 4 3045 1 202500
4190 0 3046 142 355000
4191 1 3046 18 360000
4192 2 3046 1 150000
4193 3 3046 1 50000
4194 0 3047 109 272500
4195 1 3047 14 280000
4196 2 3047 1 150000
4197 3 3047 1 50000
4198 4 3047 1 52500
4199 0 3048 128 320000
4200 1 3048 12 240000
4201 2 3048 1 150000
4202 3 3048 1 50000
4203 4 3048 1 5000
4204 0 3049 169 422500
4205 1 3049 12 240000
4206 2 3049 1 150000
4207 3 3049 1 50000
4208 0 3050 137 342500
4209 1 3050 14 280000
4210 2 3050 1 150000
4211 3 3050 1 50000
4212 0 3051 132 330000
4213 1 3051 15 300000
4214 2 3051 1 150000
4215 3 3051 1 50000
4216 4 3051 1 15000
4217 0 3052 107 267500
4218 1 3052 13 260000
4219 2 3052 1 150000
4220 3 3052 1 50000
4221 4 3052 1 67500
4222 0 3053 164 410000
4223 1 3053 13 260000
4224 2 3053 1 150000
4225 3 3053 1 50000
4226 0 3054 170 425000
4227 1 3054 24 480000
4228 2 3054 1 150000
4229 3 3054 1 50000
4230 0 3055 106 265000
4231 1 3055 17 340000
4232 2 3055 1 150000
4233 3 3055 1 50000
4234 4 3055 1 80000
4235 0 3056 159 397500
4236 1 3056 10 200000
4237 2 3056 1 150000
4238 3 3056 1 50000
4239 4 3056 1 17500
4240 0 3057 149 372500
4241 1 3057 14 280000
4242 2 3057 1 150000
4243 3 3057 1 50000
4244 4 3057 1 42500
4245 0 3058 182 455000
4246 1 3058 22 440000
4247 2 3058 1 150000
4248 3 3058 1 50000
4249 0 3059 143 357500
4250 1 3059 25 500000
4251 2 3059 1 150000
4252 3 3059 1 50000
4253 0 3060 116 290000
4254 1 3060 12 240000
4255 2 3060 1 150000
4256 3 3060 1 50000
4257 4 3060 1 45000
4258 0 3061 107 267500
4259 1 3061 21 420000
4260 2 3061 1 150000
4261 3 3061 1 50000
4262 0 3062 118 295000
4263 1 3062 12 240000
4264 2 3062 1 150000
4265 3 3062 1 50000
4266 4 3062 1 60000
4267 0 3063 130 325000
4268 1 3063 20 400000
4269 2 3063 1 150000
4270 3 3063 1 50000
4271 0 3064 153 382500
4272 1 3064 19 380000
4273 2 3064 1 150000
4274 3 3064 1 50000
4275 0 3065 166 415000
4276 1 3065 21 420000
4277 2 3065 1 150000
4278 3 3065 1 50000
4279 0 3066 124 310000
4280 1 3066 11 220000
4281 2 3066 1 150000
4282 3 3066 1 50000
4283 4 3066 1 185000
4284 0 3067 199 497500
4285 1 3067 19 380000
4286 2 3067 1 150000
4287 3 3067 1 50000
4288 0 3068 104 260000
4289 1 3068 14 280000
4290 2 3068 1 150000
4291 3 3068 1 50000
4292 4 3068 1 180000
4293 0 3069 167 417500
4294 1 3069 12 240000
4295 2 3069 1 150000
4296 3 3069 1 50000
4297 4 3069 1 27500
4298 0 3070 168 420000
4299 1 3070 24 480000
4300 2 3070 1 150000
4301 3 3070 1 50000
4302 0 3071 157 392500
4303 1 3071 25 500000
4304 2 3071 1 150000
4305 3 3071 1 50000
4306 0 3072 173 432500
4307 1 3072 19 380000
4308 2 3072 1 150000
4309 3 3072 1 50000
4310 4 3072 1 2500
4311 0 3073 190 475000
4312 1 3073 18 360000
4313 2 3073 1 150000
4314 3 3073 1 50000
4315 0 3074 172 430000
4316 1 3074 17 340000
4317 2 3074 1 150000
4318 3 3074 1 50000
4319 4 3074 1 55000
4320 0 3075 190 475000
4321 1 3075 21 420000
4322 2 3075 1 150000
4323 3 3075 1 50000
4324 0 3076 100 250000
4325 1 3076 11 220000
4326 2 3076 1 150000
4327 3 3076 1 50000
4328 4 3076 1 375000
4329 0 3077 130 325000
4330 1 3077 24 480000
4331 2 3077 1 150000
4332 3 3077 1 50000
4333 0 3078 181 452500
4334 1 3078 12 240000
4335 2 3078 1 150000
4336 3 3078 1 50000
4337 4 3078 1 172500
4338 0 3079 181 452500
4339 1 3079 18 360000
4340 2 3079 1 150000
4341 3 3079 1 50000
4342 0 3080 169 422500
4343 1 3080 11 220000
4344 2 3080 1 150000
4345 3 3080 1 50000
4346 4 3080 1 242500
4347 0 3081 147 367500
4348 1 3081 11 220000
4349 2 3081 1 150000
4350 3 3081 1 50000
4351 4 3081 1 137500
4352 0 3082 152 380000
4353 1 3082 15 300000
4354 2 3082 1 150000
4355 3 3082 1 50000
4356 4 3082 1 235000
4357 0 3083 180 450000
4358 1 3083 16 320000
4359 2 3083 1 150000
4360 3 3083 1 50000
4361 4 3083 1 175000
4362 0 3084 186 465000
4363 1 3084 14 280000
4364 2 3084 1 150000
4365 3 3084 1 50000
4366 0 3085 106 265000
4367 1 3085 17 340000
4368 2 3085 1 150000
4369 3 3085 1 50000
4370 4 3085 1 40000
4371 0 3086 193 482500
4372 1 3086 11 220000
4373 2 3086 1 150000
4374 3 3086 1 50000
4375 0 3087 193 482500
4376 1 3087 17 340000
4377 2 3087 1 150000
4378 3 3087 1 50000
4379 0 3088 182 455000
4380 1 3088 20 400000
4381 2 3088 1 150000
4382 3 3088 1 50000
4383 0 3089 120 300000
4384 1 3089 10 200000
4385 2 3089 1 150000
4386 3 3089 1 50000
4387 4 3089 1 75000
4388 0 3090 161 402500
4389 1 3090 19 380000
4390 2 3090 1 150000
4391 3 3090 1 50000
4392 0 3091 105 262500
4393 1 3091 25 500000
4394 2 3091 1 150000
4395 3 3091 1 50000
4396 0 3092 157 392500
4397 1 3092 17 340000
4398 2 3092 1 150000
4399 3 3092 1 50000
4400 0 3093 104 260000
4401 1 3093 16 320000
4402 2 3093 1 150000
4403 3 3093 1 50000
4404 4 3093 1 15000
4405 0 3094 118 295000
4406 1 3094 10 200000
4407 2 3094 1 150000
4408 3 3094 1 50000
4409 4 3094 1 180000
4410 0 3095 113 282500
4411 1 3095 23 460000
4412 2 3095 1 150000
4413 3 3095 1 50000
4414 0 3096 128 320000
4415 1 3096 18 360000
4416 2 3096 1 150000
4417 3 3096 1 50000
4418 4 3096 1 15000
4419 0 3097 109 272500
4420 1 3097 16 320000
4421 2 3097 1 150000
4422 3 3097 1 50000
4423 4 3097 1 32500
4424 0 3098 148 370000
4425 1 3098 22 440000
4426 2 3098 1 150000
4427 3 3098 1 50000
4428 0 3099 173 432500
4429 1 3099 15 300000
4430 2 3099 1 150000
4431 3 3099 1 50000
4432 0 3100 120 300000
4433 1 3100 20 400000
4434 2 3100 1 150000
4435 3 3100 1 50000
4436 4 3100 1 25000
4437 0 3101 136 340000
4438 1 3101 14 280000
4439 2 3101 1 150000
4440 3 3101 1 50000
4441 4 3101 1 45000
4442 0 3102 104 260000
4443 1 3102 18 360000
4444 2 3102 1 150000
4445 3 3102 1 50000
4446 4 3102 1 125000
4447 0 3103 195 487500
4448 1 3103 19 380000
4449 2 3103 1 150000
4450 3 3103 1 50000
4451 0 3104 184 460000
4452 1 3104 14 280000
4453 2 3104 1 150000
4454 3 3104 1 50000
4455 4 3104 1 25000
4456 0 3105 111 277500
4457 1 3105 13 260000
4458 2 3105 1 150000
4459 3 3105 1 50000
4460 4 3105 1 257500
4461 0 3106 100 250000
4462 1 3106 12 240000
4463 2 3106 1 150000
4464 3 3106 1 50000
4465 4 3106 1 125000
4466 0 3107 188 470000
4467 1 3107 14 280000
4468 2 3107 1 150000
4469 3 3107 1 50000
4470 0 3108 111 277500
4471 1 3108 13 260000
4472 2 3108 1 150000
4473 3 3108 1 50000
4474 4 3108 1 87500
4475 0 3109 137 342500
4476 1 3109 14 280000
4477 2 3109 1 150000
4478 3 3109 1 50000
4479 4 3109 1 92500
4480 0 3110 112 280000
4481 1 3110 22 440000
4482 2 3110 1 150000
4483 3 3110 1 50000
4484 0 3111 132 330000
4485 1 3111 16 320000
4486 2 3111 1 150000
4487 3 3111 1 50000
4488 4 3111 1 85000
4489 0 3112 112 280000
4490 1 3112 23 460000
4491 2 3112 1 150000
4492 3 3112 1 50000
4493 0 3113 183 457500
4494 1 3113 21 420000
4495 2 3113 1 150000
4496 3 3113 1 50000
4497 0 3114 117 292500
4498 1 3114 19 380000
4499 2 3114 1 150000
4500 3 3114 1 50000
4501 4 3114 1 2500
4502 0 3115 116 290000
4503 1 3115 12 240000
4504 2 3115 1 150000
4505 3 3115 1 50000
4506 4 3115 1 245000
4507 0 3116 167 417500
4508 1 3116 16 320000
4509 2 3116 1 150000
4510 3 3116 1 50000
4511 0 3117 123 307500
4512 1 3117 19 380000
4513 2 3117 1 150000
4514 3 3117 1 50000
4515 4 3117 1 107500
4516 0 3118 150 375000
4517 1 3118 14 280000
4518 2 3118 1 150000
4519 3 3118 1 50000
4520 0 3119 116 290000
4521 1 3119 10 200000
4522 2 3119 1 150000
4523 3 3119 1 50000
4524 4 3119 1 135000
4525 0 3120 121 302500
4526 1 3120 25 500000
4527 2 3120 1 150000
4528 3 3120 1 50000
4529 0 3121 190 475000
4530 1 3121 13 260000
4531 2 3121 1 150000
4532 3 3121 1 50000
4533 0 3122 192 480000
4534 1 3122 24 480000
4535 2 3122 1 150000
4536 3 3122 1 50000
4537 0 3123 174 435000
4538 1 3123 20 400000
4539 2 3123 1 150000
4540 3 3123 1 50000
4541 0 3124 127 317500
4542 1 3124 13 260000
4543 2 3124 1 150000
4544 3 3124 1 50000
4545 4 3124 1 37500
4546 0 3125 188 470000
4547 1 3125 17 340000
4548 2 3125 1 150000
4549 3 3125 1 50000
4550 0 3126 150 375000
4551 1 3126 17 340000
4552 2 3126 1 150000
4553 3 3126 1 50000
4554 0 3127 108 270000
4555 1 3127 23 460000
4556 2 3127 1 150000
4557 3 3127 1 50000
4558 0 3128 134 335000
4559 1 3128 18 360000
4560 2 3128 1 150000
4561 3 3128 1 50000
4562 0 3129 109 272500
4563 1 3129 24 480000
4564 2 3129 1 150000
4565 3 3129 1 50000
4566 0 3130 182 455000
4567 1 3130 12 240000
4568 2 3130 1 150000
4569 3 3130 1 50000
4570 0 3131 117 292500
4571 1 3131 22 440000
4572 2 3131 1 150000
4573 3 3131 1 50000
4574 0 3132 165 412500
4575 1 3132 10 200000
4576 2 3132 1 150000
4577 3 3132 1 50000
4578 4 3132 1 42500
4579 0 3133 119 297500
4580 1 3133 19 380000
4581 2 3133 1 150000
4582 3 3133 1 50000
4583 4 3133 1 67500
4584 0 3134 178 445000
4585 1 3134 13 260000
4586 2 3134 1 150000
4587 3 3134 1 50000
4588 0 3135 106 265000
4589 1 3135 25 500000
4590 2 3135 1 150000
4591 3 3135 1 50000
4592 0 3136 108 270000
4593 1 3136 25 500000
4594 2 3136 1 150000
4595 3 3136 1 50000
4596 0 3137 182 455000
4597 1 3137 17 340000
4598 2 3137 1 150000
4599 3 3137 1 50000
4600 0 3138 110 275000
4601 1 3138 11 220000
4602 2 3138 1 150000
4603 3 3138 1 50000
4604 4 3138 1 210000
4605 0 3139 198 495000
4606 1 3139 15 300000
4607 2 3139 1 150000
4608 3 3139 1 50000
4609 4 3139 1 20000
4610 0 3140 176 440000
4611 1 3140 11 220000
4612 2 3140 1 150000
4613 3 3140 1 50000
4614 4 3140 1 55000
4615 0 3141 127 317500
4616 1 3141 10 200000
4617 2 3141 1 150000
4618 3 3141 1 50000
4619 4 3141 1 317500
4620 0 3142 122 305000
4621 1 3142 21 420000
4622 2 3142 1 150000
4623 3 3142 1 50000
4624 4 3142 1 50000
4625 0 3143 151 377500
4626 1 3143 25 500000
4627 2 3143 1 150000
4628 3 3143 1 50000
4629 4 3143 1 17500
4630 0 3144 149 372500
4631 1 3144 14 280000
4632 2 3144 1 150000
4633 3 3144 1 50000
4634 4 3144 1 152500
4635 0 3145 150 375000
4636 1 3145 23 460000
4637 2 3145 1 150000
4638 3 3145 1 50000
4639 4 3145 1 90000
4640 0 3146 193 482500
4641 1 3146 23 460000
4642 2 3146 1 150000
4643 3 3146 1 50000
4644 0 3147 147 367500
4645 1 3147 11 220000
4646 2 3147 1 150000
4647 3 3147 1 50000
4648 4 3147 1 367500
4649 0 3148 169 422500
4650 1 3148 24 480000
4651 2 3148 1 150000
4652 3 3148 1 50000
4653 0 3149 117 292500
4654 1 3149 20 400000
4655 2 3149 1 150000
4656 3 3149 1 50000
4657 4 3149 1 292500
4658 0 3150 151 377500
4659 1 3150 20 400000
4660 2 3150 1 150000
4661 3 3150 1 50000
4662 4 3150 1 117500
4663 0 3151 146 365000
4664 1 3151 11 220000
4665 2 3151 1 150000
4666 3 3151 1 50000
4667 4 3151 1 430000
4668 0 3152 149 372500
4669 1 3152 24 480000
4670 2 3152 1 150000
4671 3 3152 1 50000
4672 4 3152 1 72500
4673 0 3153 131 327500
4674 1 3153 20 400000
4675 2 3153 1 150000
4676 3 3153 1 50000
4677 4 3153 1 317500
4678 0 3154 123 307500
4679 1 3154 21 420000
4680 2 3154 1 150000
4681 3 3154 1 50000
4682 4 3154 1 227500
4683 0 3155 173 432500
4684 1 3155 21 420000
4685 2 3155 1 150000
4686 3 3155 1 50000
4687 4 3155 1 222500
4688 0 3156 181 452500
4689 1 3156 20 400000
4690 2 3156 1 150000
4691 3 3156 1 50000
4692 4 3156 1 132500
4693 0 3157 156 390000
4694 1 3157 14 280000
4695 2 3157 1 150000
4696 3 3157 1 50000
4697 4 3157 1 435000
4698 0 3158 144 360000
4699 1 3158 11 220000
4700 2 3158 1 150000
4701 3 3158 1 50000
4702 4 3158 1 435000
4703 0 3159 120 300000
4704 1 3159 15 300000
4705 2 3159 1 150000
4706 3 3159 1 50000
4707 4 3159 1 535000
4708 0 3160 143 357500
4709 1 3160 17 340000
4710 2 3160 1 150000
4711 3 3160 1 50000
4712 0 3161 180 450000
4713 1 3161 18 360000
4714 2 3161 1 150000
4715 3 3161 1 50000
4716 0 3162 111 277500
4717 1 3162 10 200000
4718 2 3162 1 150000
4719 3 3162 1 50000
4720 4 3162 1 167500
4721 0 3163 182 455000
4722 1 3163 23 460000
4723 2 3163 1 150000
4724 3 3163 1 50000
4725 0 3164 176 440000
4726 1 3164 11 220000
4727 2 3164 1 150000
4728 3 3164 1 50000
4729 4 3164 1 5000
4730 0 3165 131 327500
4731 1 3165 16 320000
4732 2 3165 1 150000
4733 3 3165 1 50000
4734 4 3165 1 107500
4735 0 3166 172 430000
4736 1 3166 20 400000
4737 2 3166 1 150000
4738 3 3166 1 50000
4739 0 3167 181 452500
4740 1 3167 19 380000
4741 2 3167 1 150000
4742 3 3167 1 50000
4743 0 3168 159 397500
4744 1 3168 18 360000
4745 2 3168 1 150000
4746 3 3168 1 50000
4747 0 3169 169 422500
4748 1 3169 18 360000
4749 2 3169 1 150000
4750 3 3169 1 50000
4751 0 3170 123 307500
4752 1 3170 13 260000
4753 2 3170 1 150000
4754 3 3170 1 50000
4755 4 3170 1 17500
4756 0 3171 146 365000
4757 1 3171 19 380000
4758 2 3171 1 150000
4759 3 3171 1 50000
4760 0 3172 134 335000
4761 1 3172 12 240000
4762 2 3172 1 150000
4763 3 3172 1 50000
4764 4 3172 1 20000
4765 0 3173 172 430000
4766 1 3173 10 200000
4767 2 3173 1 150000
4768 3 3173 1 50000
4769 4 3173 1 35000
4770 0 3174 172 430000
4771 1 3174 16 320000
4772 2 3174 1 150000
4773 3 3174 1 50000
4774 0 3175 199 497500
4775 1 3175 21 420000
4776 2 3175 1 150000
4777 3 3175 1 50000
4778 0 3176 127 317500
4779 1 3176 11 220000
4780 2 3176 1 150000
4781 3 3176 1 50000
4782 4 3176 1 87500
4783 0 3177 129 322500
4784 1 3177 16 320000
4785 2 3177 1 150000
4786 3 3177 1 50000
4787 4 3177 1 62500
4788 0 3178 107 267500
4789 1 3178 11 220000
4790 2 3178 1 150000
4791 3 3178 1 50000
4792 4 3178 1 197500
4793 0 3179 133 332500
4794 1 3179 10 200000
4795 2 3179 1 150000
4796 3 3179 1 50000
4797 4 3179 1 282500
4798 0 3180 175 437500
4799 1 3180 16 320000
4800 2 3180 1 150000
4801 3 3180 1 50000
4802 0 3181 140 350000
4803 1 3181 12 240000
4804 2 3181 1 150000
4805 3 3181 1 50000
4806 4 3181 1 275000
4807 0 3182 116 290000
4808 1 3182 12 240000
4809 2 3182 1 150000
4810 3 3182 1 50000
4811 4 3182 1 255000
4812 0 3183 146 365000
4813 1 3183 15 300000
4814 2 3183 1 150000
4815 3 3183 1 50000
4816 4 3183 1 250000
4817 0 3184 187 467500
4818 1 3184 17 340000
4819 2 3184 1 150000
4820 3 3184 1 50000
4821 4 3184 1 17500
4822 0 3185 146 365000
4823 1 3185 17 340000
4824 2 3185 1 150000
4825 3 3185 1 50000
4826 4 3185 1 240000
4827 0 3186 200 500000
4828 1 3186 21 420000
4829 2 3186 1 150000
4830 3 3186 1 50000
4831 0 3187 139 347500
4832 1 3187 10 200000
4833 2 3187 1 150000
4834 3 3187 1 50000
4835 4 3187 1 427500
4836 0 3188 104 260000
4837 1 3188 25 500000
4838 2 3188 1 150000
4839 3 3188 1 50000
4840 4 3188 1 125000
4841 0 3189 194 485000
4842 1 3189 25 500000
4843 2 3189 1 150000
4844 3 3189 1 50000
4845 4 3189 1 20000
4846 0 3190 171 427500
4847 1 3190 21 420000
4848 2 3190 1 150000
4849 3 3190 1 50000
4850 4 3190 1 67500
4851 0 3191 101 252500
4852 1 3191 17 340000
4853 2 3191 1 150000
4854 3 3191 1 50000
4855 4 3191 1 442500
4856 0 3192 151 377500
4857 1 3192 25 500000
4858 2 3192 1 150000
4859 3 3192 1 50000
4860 4 3192 1 67500
4861 0 3193 111 277500
4862 1 3193 11 220000
4863 2 3193 1 150000
4864 3 3193 1 50000
4865 4 3193 1 567500
4866 0 3194 169 422500
4867 1 3194 16 320000
4868 2 3194 1 150000
4869 3 3194 1 50000
4870 4 3194 1 232500
4871 0 3195 130 325000
4872 1 3195 12 240000
4873 2 3195 1 150000
4874 3 3195 1 50000
4875 4 3195 1 530000
4876 0 3196 145 362500
4877 1 3196 23 460000
4878 2 3196 1 150000
4879 3 3196 1 50000
4880 4 3196 1 182500
4881 0 3197 189 472500
4882 1 3197 14 280000
4883 2 3197 1 150000
4884 3 3197 1 50000
4885 4 3197 1 372500
4886 0 3198 124 310000
4887 1 3198 12 240000
4888 2 3198 1 150000
4889 3 3198 1 50000
4890 4 3198 1 605000
4891 0 3199 170 425000
4892 1 3199 15 300000
4893 2 3199 1 150000
4894 3 3199 1 50000
4895 0 3200 103 257500
4896 1 3200 10 200000
4897 2 3200 1 150000
4898 3 3200 1 50000
4899 4 3200 1 207500
4900 0 3201 127 317500
4901 1 3201 14 280000
4902 2 3201 1 150000
4903 3 3201 1 50000
4904 4 3201 1 7500
4905 0 3202 114 285000
4906 1 3202 21 420000
4907 2 3202 1 150000
4908 3 3202 1 50000
4909 0 3203 157 392500
4910 1 3203 19 380000
4911 2 3203 1 150000
4912 3 3203 1 50000
4913 0 3204 116 290000
4914 1 3204 14 280000
4915 2 3204 1 150000
4916 3 3204 1 50000
4917 4 3204 1 105000
4918 0 3205 156 390000
4919 1 3205 15 300000
4920 2 3205 1 150000
4921 3 3205 1 50000
4922 4 3205 1 75000
4923 0 3206 175 437500
4924 1 3206 11 220000
4925 2 3206 1 150000
4926 3 3206 1 50000
4927 4 3206 1 47500
4928 0 3207 134 335000
4929 1 3207 20 400000
4930 2 3207 1 150000
4931 3 3207 1 50000
4932 4 3207 1 60000
4933 0 3208 146 365000
4934 1 3208 17 340000
4935 2 3208 1 150000
4936 3 3208 1 50000
4937 4 3208 1 20000
4938 0 3209 168 420000
4939 1 3209 12 240000
4940 2 3209 1 150000
4941 3 3209 1 50000
4942 4 3209 1 165000
4943 0 3210 130 325000
4944 1 3210 12 240000
4945 2 3210 1 150000
4946 3 3210 1 50000
4947 4 3210 1 190000
4948 0 3211 198 495000
4949 1 3211 15 300000
4950 2 3211 1 150000
4951 3 3211 1 50000
4952 4 3211 1 60000
4953 0 3212 130 325000
4954 1 3212 15 300000
4955 2 3212 1 150000
4956 3 3212 1 50000
4957 4 3212 1 160000
4958 0 3213 184 460000
4959 1 3213 13 260000
4960 2 3213 1 150000
4961 3 3213 1 50000
4962 4 3213 1 165000
4963 0 3214 105 262500
4964 1 3214 16 320000
4965 2 3214 1 150000
4966 3 3214 1 50000
4967 4 3214 1 232500
4968 0 3215 161 402500
4969 1 3215 11 220000
4970 2 3215 1 150000
4971 3 3215 1 50000
4972 4 3215 1 292500
4973 0 3216 145 362500
4974 1 3216 15 300000
4975 2 3216 1 150000
4976 3 3216 1 50000
4977 4 3216 1 182500
4978 0 3217 115 287500
4979 1 3217 17 340000
4980 2 3217 1 150000
4981 3 3217 1 50000
4982 4 3217 1 317500
4983 0 3218 162 405000
4984 1 3218 23 460000
4985 2 3218 1 150000
4986 3 3218 1 50000
4987 4 3218 1 10000
4988 0 3219 185 462500
4989 1 3219 23 460000
4990 2 3219 1 150000
4991 3 3219 1 50000
4992 4 3219 1 52500
4993 0 3220 141 352500
4994 1 3220 21 420000
4995 2 3220 1 150000
4996 3 3220 1 50000
4997 4 3220 1 132500
4998 0 3221 114 285000
4999 1 3221 17 340000
5000 2 3221 1 150000
5001 3 3221 1 50000
5002 4 3221 1 380000
5003 0 3222 110 275000
5004 1 3222 21 420000
5005 2 3222 1 150000
5006 3 3222 1 50000
5007 0 3223 124 310000
5008 1 3223 14 280000
5009 2 3223 1 150000
5010 3 3223 1 50000
5011 4 3223 1 85000
5012 0 3224 194 485000
5013 1 3224 23 460000
5014 2 3224 1 150000
5015 3 3224 1 50000
5016 0 3225 133 332500
5017 1 3225 23 460000
5018 2 3225 1 150000
5019 3 3225 1 50000
5020 0 3226 171 427500
5021 1 3226 19 380000
5022 2 3226 1 150000
5023 3 3226 1 50000
5024 0 3227 141 352500
5025 1 3227 18 360000
5026 2 3227 1 150000
5027 3 3227 1 50000
5028 4 3227 1 2500
5029 0 3228 196 490000
5030 1 3228 10 200000
5031 2 3228 1 150000
5032 3 3228 1 50000
5033 0 3229 102 255000
5034 1 3229 25 500000
5035 2 3229 1 150000
5036 3 3229 1 50000
5037 0 3230 135 337500
5038 1 3230 15 300000
5039 2 3230 1 150000
5040 3 3230 1 50000
5041 4 3230 1 157500
5042 0 3231 200 500000
5043 1 3231 23 460000
5044 2 3231 1 150000
5045 3 3231 1 50000
5046 0 3232 132 330000
5047 1 3232 21 420000
5048 2 3232 1 150000
5049 3 3232 1 50000
5050 4 3232 1 115000
5051 0 3233 139 347500
5052 1 3233 18 360000
5053 2 3233 1 150000
5054 3 3233 1 50000
5055 4 3233 1 287500
5056 0 3234 124 310000
5057 1 3234 20 400000
5058 2 3234 1 150000
5059 3 3234 1 50000
5060 4 3234 1 195000
5061 0 3235 180 450000
5062 1 3235 11 220000
5063 2 3235 1 150000
5064 3 3235 1 50000
5065 4 3235 1 355000
5066 0 3236 150 375000
5067 1 3236 12 240000
5068 2 3236 1 150000
5069 3 3236 1 50000
5070 4 3236 1 230000
5071 0 3237 187 467500
5072 1 3237 23 460000
5073 2 3237 1 150000
5074 3 3237 1 50000
5075 4 3237 1 127500
5076 0 3238 172 430000
5077 1 3238 16 320000
5078 2 3238 1 150000
5079 3 3238 1 50000
5080 4 3238 1 215000
5081 0 3239 117 292500
5082 1 3239 16 320000
5083 2 3239 1 150000
5084 3 3239 1 50000
5085 4 3239 1 472500
5086 0 3240 138 345000
5087 1 3240 22 440000
5088 2 3240 1 150000
5089 3 3240 1 50000
5090 4 3240 1 210000
5091 0 3241 152 380000
5092 1 3241 16 320000
5093 2 3241 1 150000
5094 3 3241 1 50000
5095 4 3241 1 415000
5096 0 3242 112 280000
5097 1 3242 21 420000
5098 2 3242 1 150000
5099 3 3242 1 50000
5100 4 3242 1 325000
5101 0 3243 166 415000
5102 1 3243 14 280000
5103 2 3243 1 150000
5104 3 3243 1 50000
5105 4 3243 1 450000
5106 0 3244 112 280000
5107 1 3244 11 220000
5108 2 3244 1 150000
5109 3 3244 1 50000
5110 4 3244 1 555000
5111 0 3245 176 440000
5112 1 3245 13 260000
5113 2 3245 1 150000
5114 3 3245 1 50000
5115 4 3245 1 475000
5116 0 3246 121 302500
5117 1 3246 17 340000
5118 2 3246 1 150000
5119 3 3246 1 50000
5120 4 3246 1 442500
5121 0 3247 155 387500
5122 1 3247 23 460000
5123 2 3247 1 150000
5124 3 3247 1 50000
5125 4 3247 1 357500
5126 0 3248 103 257500
5127 1 3248 22 440000
5128 2 3248 1 150000
5129 3 3248 1 50000
5130 4 3248 1 417500
5131 0 3249 191 477500
5132 1 3249 23 460000
5133 2 3249 1 150000
5134 3 3249 1 50000
5135 4 3249 1 297500
5136 0 3250 133 332500
5137 1 3250 21 420000
5138 2 3250 1 150000
5139 3 3250 1 50000
5140 4 3250 1 392500
5141 0 3251 165 412500
5142 1 3251 16 320000
5143 2 3251 1 150000
5144 3 3251 1 50000
5145 4 3251 1 532500
5146 0 3252 104 260000
5147 1 3252 18 360000
5148 2 3252 1 150000
5149 3 3252 1 50000
5150 4 3252 1 25000
5151 0 3253 152 380000
5152 1 3253 10 200000
5153 2 3253 1 150000
5154 3 3253 1 50000
5155 4 3253 1 105000
5156 0 3254 145 362500
5157 1 3254 11 220000
5158 2 3254 1 150000
5159 3 3254 1 50000
5160 4 3254 1 42500
5161 0 3255 178 445000
5162 1 3255 23 460000
5163 2 3255 1 150000
5164 3 3255 1 50000
5165 0 3256 129 322500
5166 1 3256 23 460000
5167 2 3256 1 150000
5168 3 3256 1 50000
5169 0 3257 188 470000
5170 1 3257 15 300000
5171 2 3257 1 150000
5172 3 3257 1 50000
5173 4 3257 1 5000
5174 0 3258 194 485000
5175 1 3258 21 420000
5176 2 3258 1 150000
5177 3 3258 1 50000
5178 0 3259 155 387500
5179 1 3259 16 320000
5180 2 3259 1 150000
5181 3 3259 1 50000
5182 4 3259 1 97500
5183 0 3260 179 447500
5184 1 3260 22 440000
5185 2 3260 1 150000
5186 3 3260 1 50000
5187 0 3261 165 412500
5188 1 3261 24 480000
5189 2 3261 1 150000
5190 3 3261 1 50000
5191 0 3262 134 335000
5192 1 3262 10 200000
5193 2 3262 1 150000
5194 3 3262 1 50000
5195 4 3262 1 230000
5196 0 3263 152 380000
5197 1 3263 12 240000
5198 2 3263 1 150000
5199 3 3263 1 50000
5200 4 3263 1 245000
5201 0 3264 153 382500
5202 1 3264 22 440000
5203 2 3264 1 150000
5204 3 3264 1 50000
5205 0 3265 124 310000
5206 1 3265 10 200000
5207 2 3265 1 150000
5208 3 3265 1 50000
5209 4 3265 1 385000
5210 0 3266 164 410000
5211 1 3266 12 240000
5212 2 3266 1 150000
5213 3 3266 1 50000
5214 4 3266 1 175000
5215 0 3267 172 430000
5216 1 3267 16 320000
5217 2 3267 1 150000
5218 3 3267 1 50000
5219 4 3267 1 175000
5220 0 3268 165 412500
5221 1 3268 14 280000
5222 2 3268 1 150000
5223 3 3268 1 50000
5224 4 3268 1 162500
5225 0 3269 109 272500
5226 1 3269 21 420000
5227 2 3269 1 150000
5228 3 3269 1 50000
5229 4 3269 1 262500
5230 0 3270 161 402500
5231 1 3270 12 240000
5232 2 3270 1 150000
5233 3 3270 1 50000
5234 4 3270 1 242500
5235 0 3271 113 282500
5236 1 3271 12 240000
5237 2 3271 1 150000
5238 3 3271 1 50000
5239 4 3271 1 462500
5240 0 3272 175 437500
5241 1 3272 16 320000
5242 2 3272 1 150000
5243 3 3272 1 50000
5244 4 3272 1 257500
5245 0 3273 176 440000
5246 1 3273 23 460000
5247 2 3273 1 150000
5248 3 3273 1 50000
5249 0 3274 178 445000
5250 1 3274 20 400000
5251 2 3274 1 150000
5252 3 3274 1 50000
5253 0 3275 153 382500
5254 1 3275 13 260000
5255 2 3275 1 150000
5256 3 3275 1 50000
5257 4 3275 1 82500
5258 0 3276 120 300000
5259 1 3276 22 440000
5260 2 3276 1 150000
5261 3 3276 1 50000
5262 4 3276 1 75000
5263 0 3277 185 462500
5264 1 3277 25 500000
5265 2 3277 1 150000
5266 3 3277 1 50000
5267 0 3278 113 282500
5268 1 3278 22 440000
5269 2 3278 1 150000
5270 3 3278 1 50000
5271 4 3278 1 122500
5272 0 3279 152 380000
5273 1 3279 18 360000
5274 2 3279 1 150000
5275 3 3279 1 50000
5276 4 3279 1 135000
5277 0 3280 180 450000
5278 1 3280 25 500000
5279 2 3280 1 150000
5280 3 3280 1 50000
5281 0 3281 135 337500
5282 1 3281 18 360000
5283 2 3281 1 150000
5284 3 3281 1 50000
5285 4 3281 1 267500
5286 0 3282 113 282500
5287 1 3282 16 320000
5288 2 3282 1 150000
5289 3 3282 1 50000
5290 4 3282 1 282500
5291 0 3283 141 352500
5292 1 3283 24 480000
5293 2 3283 1 150000
5294 3 3283 1 50000
5295 4 3283 1 182500
5296 0 3284 160 400000
5297 1 3284 17 340000
5298 2 3284 1 150000
5299 3 3284 1 50000
5300 4 3284 1 185000
5301 0 3285 138 345000
5302 1 3285 12 240000
5303 2 3285 1 150000
5304 3 3285 1 50000
5305 4 3285 1 460000
5306 0 3286 178 445000
5307 1 3286 13 260000
5308 2 3286 1 150000
5309 3 3286 1 50000
5310 4 3286 1 160000
5311 0 3287 109 272500
5312 1 3287 21 420000
5313 2 3287 1 150000
5314 3 3287 1 50000
5315 4 3287 1 402500
5316 0 3288 177 442500
5317 1 3288 16 320000
5318 2 3288 1 150000
5319 3 3288 1 50000
5320 4 3288 1 242500
5321 0 3289 140 350000
5322 1 3289 20 400000
5323 2 3289 1 150000
5324 3 3289 1 50000
5325 4 3289 1 375000
5326 0 3290 157 392500
5327 1 3290 16 320000
5328 2 3290 1 150000
5329 3 3290 1 50000
5330 4 3290 1 322500
5331 0 3291 133 332500
5332 1 3291 20 400000
5333 2 3291 1 150000
5334 3 3291 1 50000
5335 4 3291 1 422500
5336 0 3292 189 472500
5337 1 3292 16 320000
5338 2 3292 1 150000
5339 3 3292 1 50000
5340 4 3292 1 272500
5341 0 3293 172 430000
5342 1 3293 19 380000
5343 2 3293 1 150000
5344 3 3293 1 50000
5345 4 3293 1 375000
5346 0 3294 172 430000
5347 1 3294 13 260000
5348 2 3294 1 150000
5349 3 3294 1 50000
5350 4 3294 1 405000
5351 0 3295 154 385000
5352 1 3295 14 280000
5353 2 3295 1 150000
5354 3 3295 1 50000
5355 4 3295 1 550000
5356 0 3296 162 405000
5357 1 3296 21 420000
5358 2 3296 1 150000
5359 3 3296 1 50000
5360 4 3296 1 300000
5361 0 3297 166 415000
5362 1 3297 19 380000
5363 2 3297 1 150000
5364 3 3297 1 50000
5365 4 3297 1 450000
5366 0 3298 128 320000
5367 1 3298 12 240000
5368 2 3298 1 150000
5369 3 3298 1 50000
5370 4 3298 1 595000
5371 0 3299 186 465000
5372 1 3299 20 400000
5373 2 3299 1 150000
5374 3 3299 1 50000
5375 4 3299 1 410000
5376 0 3300 145 362500
5377 1 3300 16 320000
5378 2 3300 1 150000
5379 3 3300 1 50000
5380 4 3300 1 502500
5381 0 3301 179 447500
5382 1 3301 10 200000
5383 2 3301 1 150000
5384 3 3301 1 50000
5385 4 3301 1 657500
5386 0 3302 133 332500
5387 1 3302 18 360000
5388 2 3302 1 150000
5389 3 3302 1 50000
5390 4 3302 1 642500
5391 0 3303 111 277500
5392 1 3303 18 360000
5393 2 3303 1 150000
5394 3 3303 1 50000
5395 4 3303 1 27500
5396 0 3304 116 290000
5397 1 3304 12 240000
5398 2 3304 1 150000
5399 3 3304 1 50000
5400 4 3304 1 215000
5401 0 3305 140 350000
5402 1 3305 10 200000
5403 2 3305 1 150000
5404 3 3305 1 50000
5405 4 3305 1 215000
5406 0 3306 199 497500
5407 1 3306 22 440000
5408 2 3306 1 150000
5409 3 3306 1 50000
5410 0 3307 147 367500
5411 1 3307 20 400000
5412 2 3307 1 150000
5413 3 3307 1 50000
5414 4 3307 1 17500
5415 0 3308 182 455000
5416 1 3308 16 320000
5417 2 3308 1 150000
5418 3 3308 1 50000
5419 4 3308 1 120000
5420 0 3309 198 495000
5421 1 3309 18 360000
5422 2 3309 1 150000
5423 3 3309 1 50000
5424 0 3310 168 420000
5425 1 3310 25 500000
5426 2 3310 1 150000
5427 3 3310 1 50000
5428 4 3310 1 5000
5429 0 3311 121 302500
5430 1 3311 19 380000
5431 2 3311 1 150000
5432 3 3311 1 50000
5433 4 3311 1 172500
5434 0 3312 163 407500
5435 1 3312 17 340000
5436 2 3312 1 150000
5437 3 3312 1 50000
5438 4 3312 1 207500
5439 0 3313 115 287500
5440 1 3313 18 360000
5441 2 3313 1 150000
5442 3 3313 1 50000
5443 4 3313 1 237500
5444 0 3314 172 430000
5445 1 3314 20 400000
5446 2 3314 1 150000
5447 3 3314 1 50000
5448 4 3314 1 155000
5449 0 3315 142 355000
5450 1 3315 22 440000
5451 2 3315 1 150000
5452 3 3315 1 50000
5453 4 3315 1 120000
5454 0 3316 126 315000
5455 1 3316 23 460000
5456 2 3316 1 150000
5457 3 3316 1 50000
5458 4 3316 1 240000
5459 0 3317 193 482500
5460 1 3317 16 320000
5461 2 3317 1 150000
5462 3 3317 1 50000
5463 4 3317 1 142500
5464 0 3318 173 432500
5465 1 3318 10 200000
5466 2 3318 1 150000
5467 3 3318 1 50000
5468 4 3318 1 412500
5469 0 3319 157 392500
5470 1 3319 12 240000
5471 2 3319 1 150000
5472 3 3319 1 50000
5473 4 3319 1 342500
5474 0 3320 181 452500
5475 1 3320 24 480000
5476 2 3320 1 150000
5477 3 3320 1 50000
5478 4 3320 1 142500
5479 0 3321 123 307500
5480 1 3321 24 480000
5481 2 3321 1 150000
5482 3 3321 1 50000
5483 0 3322 103 257500
5484 1 3322 22 440000
5485 2 3322 1 150000
5486 3 3322 1 50000
5487 4 3322 1 197500
5488 0 3323 165 412500
5489 1 3323 16 320000
5490 2 3323 1 150000
5491 3 3323 1 50000
5492 4 3323 1 322500
5493 0 3324 105 262500
5494 1 3324 15 300000
5495 2 3324 1 150000
5496 3 3324 1 50000
5497 4 3324 1 412500
5498 0 3325 199 497500
5499 1 3325 22 440000
5500 2 3325 1 150000
5501 3 3325 1 50000
5502 4 3325 1 167500
5503 0 3326 176 440000
5504 1 3326 21 420000
5505 2 3326 1 150000
5506 3 3326 1 50000
5507 4 3326 1 155000
5508 0 3327 160 400000
5509 1 3327 11 220000
5510 2 3327 1 150000
5511 3 3327 1 50000
5512 4 3327 1 515000
5513 0 3328 134 335000
5514 1 3328 23 460000
5515 2 3328 1 150000
5516 3 3328 1 50000
5517 4 3328 1 250000
5518 0 3329 144 360000
5519 1 3329 10 200000
5520 2 3329 1 150000
5521 3 3329 1 50000
5522 4 3329 1 605000
5523 0 3330 122 305000
5524 1 3330 17 340000
5525 2 3330 1 150000
5526 3 3330 1 50000
5527 4 3330 1 430000
5528 0 3331 146 365000
5529 1 3331 20 400000
5530 2 3331 1 150000
5531 3 3331 1 50000
5532 4 3331 1 430000
5533 0 3332 158 395000
5534 1 3332 13 260000
5535 2 3332 1 150000
5536 3 3332 1 50000
5537 4 3332 1 450000
5538 0 3333 182 455000
5539 1 3333 13 260000
5540 2 3333 1 150000
5541 3 3333 1 50000
5542 4 3333 1 510000
5543 0 3334 129 322500
5544 1 3334 10 200000
5545 2 3334 1 150000
5546 3 3334 1 50000
5547 4 3334 1 612500
5548 0 3335 125 312500
5549 1 3335 23 460000
5550 2 3335 1 150000
5551 3 3335 1 50000
5552 4 3335 1 482500
5553 0 3336 156 390000
5554 1 3336 20 400000
5555 2 3336 1 150000
5556 3 3336 1 50000
5557 4 3336 1 375000
5558 0 3337 196 490000
5559 1 3337 10 200000
5560 2 3337 1 150000
5561 3 3337 1 50000
5562 4 3337 1 595000
5563 0 3338 122 305000
5564 1 3338 22 440000
5565 2 3338 1 150000
5566 3 3338 1 50000
5567 4 3338 1 450000
5568 0 3339 128 320000
5569 1 3339 12 240000
5570 2 3339 1 150000
5571 3 3339 1 50000
5572 4 3339 1 755000
5573 0 3340 156 390000
5574 1 3340 13 260000
5575 2 3340 1 150000
5576 3 3340 1 50000
5577 4 3340 1 575000
5578 0 3341 155 387500
5579 1 3341 12 240000
5580 2 3341 1 150000
5581 3 3341 1 50000
5582 4 3341 1 717500
5583 0 3342 137 342500
5584 1 3342 23 460000
5585 2 3342 1 150000
5586 3 3342 1 50000
5587 4 3342 1 572500
5588 0 3343 155 387500
5589 1 3343 18 360000
5590 2 3343 1 150000
5591 3 3343 1 50000
5592 0 3344 102 255000
5593 1 3344 18 360000
5594 2 3344 1 150000
5595 3 3344 1 50000
5596 4 3344 1 150000
5597 0 3345 117 292500
5598 1 3345 17 340000
5599 2 3345 1 150000
5600 3 3345 1 50000
5601 4 3345 1 162500
5602 0 3346 136 340000
5603 1 3346 12 240000
5604 2 3346 1 150000
5605 3 3346 1 50000
5606 4 3346 1 55000
5607 0 3347 189 472500
5608 1 3347 15 300000
5609 2 3347 1 150000
5610 3 3347 1 50000
5611 0 3348 193 482500
5612 1 3348 10 200000
5613 2 3348 1 150000
5614 3 3348 1 50000
5615 0 3349 113 282500
5616 1 3349 25 500000
5617 2 3349 1 150000
5618 3 3349 1 50000
5619 0 3350 114 285000
5620 1 3350 14 280000
5621 2 3350 1 150000
5622 3 3350 1 50000
5623 4 3350 1 110000
5624 0 3351 161 402500
5625 1 3351 11 220000
5626 2 3351 1 150000
5627 3 3351 1 50000
5628 4 3351 1 142500
5629 0 3352 127 317500
5630 1 3352 22 440000
5631 2 3352 1 150000
5632 3 3352 1 50000
5633 0 3353 174 435000
5634 1 3353 13 260000
5635 2 3353 1 150000
5636 3 3353 1 50000
5637 4 3353 1 90000
5638 0 3354 192 480000
5639 1 3354 19 380000
5640 2 3354 1 150000
5641 3 3354 1 50000
5642 0 3355 131 327500
5643 1 3355 18 360000
5644 2 3355 1 150000
5645 3 3355 1 50000
5646 4 3355 1 117500
5647 0 3356 108 270000
5648 1 3356 21 420000
5649 2 3356 1 150000
5650 3 3356 1 50000
5651 4 3356 1 35000
5652 0 3357 111 277500
5653 1 3357 16 320000
5654 2 3357 1 150000
5655 3 3357 1 50000
5656 4 3357 1 227500
5657 0 3358 177 442500
5658 1 3358 15 300000
5659 2 3358 1 150000
5660 3 3358 1 50000
5661 4 3358 1 52500
5662 0 3359 129 322500
5663 1 3359 25 500000
5664 2 3359 1 150000
5665 3 3359 1 50000
5666 4 3359 1 52500
5667 0 3360 100 250000
5668 1 3360 17 340000
5669 2 3360 1 150000
5670 3 3360 1 50000
5671 4 3360 1 225000
5672 0 3361 136 340000
5673 1 3361 20 400000
5674 2 3361 1 150000
5675 3 3361 1 50000
5676 4 3361 1 185000
5677 0 3362 156 390000
5678 1 3362 24 480000
5679 2 3362 1 150000
5680 3 3362 1 50000
5681 0 3363 125 312500
5682 1 3363 14 280000
5683 2 3363 1 150000
5684 3 3363 1 50000
5685 4 3363 1 362500
5686 0 3364 192 480000
5687 1 3364 21 420000
5688 2 3364 1 150000
5689 3 3364 1 50000
5690 0 3365 101 252500
5691 1 3365 13 260000
5692 2 3365 1 150000
5693 3 3365 1 50000
5694 4 3365 1 472500
5695 0 3366 111 277500
5696 1 3366 15 300000
5697 2 3366 1 150000
5698 3 3366 1 50000
5699 4 3366 1 337500
5700 0 3367 167 417500
5701 1 3367 19 380000
5702 2 3367 1 150000
5703 3 3367 1 50000
5704 4 3367 1 217500
5705 0 3368 178 445000
5706 1 3368 17 340000
5707 2 3368 1 150000
5708 3 3368 1 50000
5709 4 3368 1 160000
5710 0 3369 181 452500
5711 1 3369 14 280000
5712 2 3369 1 150000
5713 3 3369 1 50000
5714 4 3369 1 312500
5715 0 3370 189 472500
5716 1 3370 21 420000
5717 2 3370 1 150000
5718 3 3370 1 50000
5719 4 3370 1 82500
5720 0 3371 138 345000
5721 1 3371 10 200000
5722 2 3371 1 150000
5723 3 3371 1 50000
5724 4 3371 1 530000
5725 0 3372 155 387500
5726 1 3372 18 360000
5727 2 3372 1 150000
5728 3 3372 1 50000
5729 4 3372 1 357500
5730 0 3373 130 325000
5731 1 3373 16 320000
5732 2 3373 1 150000
5733 3 3373 1 50000
5734 4 3373 1 270000
5735 0 3374 149 372500
5736 1 3374 18 360000
5737 2 3374 1 150000
5738 3 3374 1 50000
5739 4 3374 1 342500
5740 0 3375 150 375000
5741 1 3375 10 200000
5742 2 3375 1 150000
5743 3 3375 1 50000
5744 4 3375 1 420000
5745 0 3376 168 420000
5746 1 3376 17 340000
5747 2 3376 1 150000
5748 3 3376 1 50000
5749 4 3376 1 365000
5750 0 3377 148 370000
5751 1 3377 21 420000
5752 2 3377 1 150000
5753 3 3377 1 50000
5754 4 3377 1 245000
5755 0 3378 106 265000
5756 1 3378 11 220000
5757 2 3378 1 150000
5758 3 3378 1 50000
5759 4 3378 1 670000
5760 0 3379 150 375000
5761 1 3379 10 200000
5762 2 3379 1 150000
5763 3 3379 1 50000
5764 4 3379 1 490000
5765 0 3380 139 347500
5766 1 3380 14 280000
5767 2 3380 1 150000
5768 3 3380 1 50000
5769 4 3380 1 557500
5770 0 3381 104 260000
5771 1 3381 25 500000
5772 2 3381 1 150000
5773 3 3381 1 50000
5774 4 3381 1 335000
5775 0 3382 125 312500
5776 1 3382 17 340000
5777 2 3382 1 150000
5778 3 3382 1 50000
5779 4 3382 1 562500
5780 0 3383 165 412500
5781 1 3383 21 420000
5782 2 3383 1 150000
5783 3 3383 1 50000
5784 4 3383 1 292500
5785 0 3384 194 485000
5786 1 3384 12 240000
5787 2 3384 1 150000
5788 3 3384 1 50000
5789 4 3384 1 520000
5790 0 3385 115 287500
5791 1 3385 24 480000
5792 2 3385 1 150000
5793 3 3385 1 50000
5794 4 3385 1 387500
5795 0 3386 172 430000
5796 1 3386 17 340000
5797 2 3386 1 150000
5798 3 3386 1 50000
5799 4 3386 1 505000
5800 0 3387 139 347500
5801 1 3387 21 420000
5802 2 3387 1 150000
5803 3 3387 1 50000
5804 4 3387 1 417500
5805 0 3388 174 435000
5806 1 3388 13 260000
5807 2 3388 1 150000
5808 3 3388 1 50000
5809 4 3388 1 610000
5810 0 3389 119 297500
5811 1 3389 19 380000
5812 2 3389 1 150000
5813 3 3389 1 50000
5814 4 3389 1 537500
5815 0 3390 112 280000
5816 1 3390 12 240000
5817 2 3390 1 150000
5818 3 3390 1 50000
5819 4 3390 1 815000
5820 0 3391 154 385000
5821 1 3391 24 480000
5822 2 3391 1 150000
5823 3 3391 1 50000
5824 4 3391 1 380000
5825 0 3392 178 445000
5826 1 3392 23 460000
5827 2 3392 1 150000
5828 3 3392 1 50000
5829 4 3392 1 460000
5830 0 3393 194 485000
5831 1 3393 15 300000
5832 2 3393 1 150000
5833 3 3393 1 50000
5834 0 3394 138 345000
5835 1 3394 23 460000
5836 2 3394 1 150000
5837 3 3394 1 50000
5838 0 3395 169 422500
5839 1 3395 22 440000
5840 2 3395 1 150000
5841 3 3395 1 50000
5842 0 3396 183 457500
5843 1 3396 20 400000
5844 2 3396 1 150000
5845 3 3396 1 50000
5846 0 3397 173 432500
5847 1 3397 10 200000
5848 2 3397 1 150000
5849 3 3397 1 50000
5850 0 3398 106 265000
5851 1 3398 16 320000
5852 2 3398 1 150000
5853 3 3398 1 50000
5854 0 3399 110 275000
5855 1 3399 12 240000
5856 2 3399 1 150000
5857 3 3399 1 50000
5858 0 3400 135 337500
5859 1 3400 23 460000
5860 2 3400 1 150000
5861 3 3400 1 50000
5862 0 3401 105 262500
5863 1 3401 20 400000
5864 2 3401 1 150000
5865 3 3401 1 50000
5866 0 3402 142 355000
5867 1 3402 19 380000
5868 2 3402 1 150000
5869 3 3402 1 50000
5870 0 3403 174 435000
5871 1 3403 23 460000
5872 2 3403 1 150000
5873 3 3403 1 50000
5874 0 3404 150 375000
5875 1 3404 23 460000
5876 2 3404 1 150000
5877 3 3404 1 50000
5878 0 3405 168 420000
5879 1 3405 15 300000
5880 2 3405 1 150000
5881 3 3405 1 50000
5882 0 3406 107 267500
5883 1 3406 13 260000
5884 2 3406 1 150000
5885 3 3406 1 50000
5886 4 3406 1 87500
5887 0 3407 180 450000
5888 1 3407 14 280000
5889 2 3407 1 150000
5890 3 3407 1 50000
5891 0 3408 182 455000
5892 1 3408 19 380000
5893 2 3408 1 150000
5894 3 3408 1 50000
5895 0 3409 184 460000
5896 1 3409 13 260000
5897 2 3409 1 150000
5898 3 3409 1 50000
5899 0 3410 155 387500
5900 1 3410 14 280000
5901 2 3410 1 150000
5902 3 3410 1 50000
5903 0 3411 195 487500
5904 1 3411 12 240000
5905 2 3411 1 150000
5906 3 3411 1 50000
5907 0 3412 178 445000
5908 1 3412 21 420000
5909 2 3412 1 150000
5910 3 3412 1 50000
5911 0 3413 125 312500
5912 1 3413 22 440000
5913 2 3413 1 150000
5914 3 3413 1 50000
5915 0 3414 196 490000
5916 1 3414 15 300000
5917 2 3414 1 150000
5918 3 3414 1 50000
5919 0 3415 186 465000
5920 1 3415 10 200000
5921 2 3415 1 150000
5922 3 3415 1 50000
5923 0 3416 121 302500
5924 1 3416 23 460000
5925 2 3416 1 150000
5926 3 3416 1 50000
5927 0 3417 175 437500
5928 1 3417 23 460000
5929 2 3417 1 150000
5930 3 3417 1 50000
5931 0 3418 132 330000
5932 1 3418 21 420000
5933 2 3418 1 150000
5934 3 3418 1 50000
5935 0 3419 167 417500
5936 1 3419 11 220000
5937 2 3419 1 150000
5938 3 3419 1 50000
5939 4 3419 1 17500
5940 0 3420 100 250000
5941 1 3420 20 400000
5942 2 3420 1 150000
5943 3 3420 1 50000
5944 0 3421 106 265000
5945 1 3421 21 420000
5946 2 3421 1 150000
5947 3 3421 1 50000
5948 0 3422 193 482500
5949 1 3422 25 500000
5950 2 3422 1 150000
5951 3 3422 1 50000
5952 0 3423 141 352500
5953 1 3423 25 500000
5954 2 3423 1 150000
5955 3 3423 1 50000
5956 0 3424 118 295000
5957 1 3424 25 500000
5958 2 3424 1 150000
5959 3 3424 1 50000
5960 0 3425 173 432500
5961 1 3425 20 400000
5962 2 3425 1 150000
5963 3 3425 1 50000
5964 0 3426 112 280000
5965 1 3426 19 380000
5966 2 3426 1 150000
5967 3 3426 1 50000
5968 0 3427 174 435000
5969 1 3427 21 420000
5970 2 3427 1 150000
5971 3 3427 1 50000
5972 0 3428 199 497500
5973 1 3428 19 380000
5974 2 3428 1 150000
5975 3 3428 1 50000
5976 0 3429 187 467500
5977 1 3429 25 500000
5978 2 3429 1 150000
5979 3 3429 1 50000
5980 0 3430 164 410000
5981 1 3430 23 460000
5982 2 3430 1 150000
5983 3 3430 1 50000
5984 0 3431 115 287500
5985 1 3431 14 280000
5986 2 3431 1 150000
5987 3 3431 1 50000
5988 0 3432 182 455000
5989 1 3432 19 380000
5990 2 3432 1 150000
5991 3 3432 1 50000
5992 0 3433 180 450000
5993 1 3433 25 500000
5994 2 3433 1 150000
5995 3 3433 1 50000
5996 0 3434 156 390000
5997 1 3434 15 300000
5998 2 3434 1 150000
5999 3 3434 1 50000
6000 0 3435 199 497500
6001 1 3435 12 240000
6002 2 3435 1 150000
6003 3 3435 1 50000
6004 0 3436 186 465000
6005 1 3436 21 420000
6006 2 3436 1 150000
6007 3 3436 1 50000
6008 0 3437 124 310000
6009 1 3437 17 340000
6010 2 3437 1 150000
6011 3 3437 1 50000
6012 0 3438 140 350000
6013 1 3438 25 500000
6014 2 3438 1 150000
6015 3 3438 1 50000
6016 0 3439 135 337500
6017 1 3439 14 280000
6018 2 3439 1 150000
6019 3 3439 1 50000
6020 0 3440 100 250000
6021 1 3440 24 480000
6022 2 3440 1 150000
6023 3 3440 1 50000
6024 0 3441 150 375000
6025 1 3441 22 440000
6026 2 3441 1 150000
6027 3 3441 1 50000
6028 0 3442 140 350000
6029 1 3442 15 300000
6030 2 3442 1 150000
6031 3 3442 1 50000
6032 0 3443 144 360000
6033 1 3443 15 300000
6034 2 3443 1 150000
6035 3 3443 1 50000
6036 0 3444 168 420000
6037 1 3444 22 440000
6038 2 3444 1 150000
6039 3 3444 1 50000
6040 0 3445 180 450000
6041 1 3445 22 440000
6042 2 3445 1 150000
6043 3 3445 1 50000
6044 0 3446 154 385000
6045 1 3446 11 220000
6046 2 3446 1 150000
6047 3 3446 1 50000
6048 0 3447 122 305000
6049 1 3447 21 420000
6050 2 3447 1 150000
6051 3 3447 1 50000
6052 0 3448 185 462500
6053 1 3448 12 240000
6054 2 3448 1 150000
6055 3 3448 1 50000
6056 0 3449 100 250000
6057 1 3449 16 320000
6058 2 3449 1 150000
6059 3 3449 1 50000
6060 0 3450 148 370000
6061 1 3450 20 400000
6062 2 3450 1 150000
6063 3 3450 1 50000
6064 0 3451 188 470000
6065 1 3451 21 420000
6066 2 3451 1 150000
6067 3 3451 1 50000
6068 0 3452 199 497500
6069 1 3452 12 240000
6070 2 3452 1 150000
6071 3 3452 1 50000
6072 0 3453 125 312500
6073 1 3453 24 480000
6074 2 3453 1 150000
6075 3 3453 1 50000
6076 0 3454 135 337500
6077 1 3454 18 360000
6078 2 3454 1 150000
6079 3 3454 1 50000
6080 0 3455 156 390000
6081 1 3455 25 500000
6082 2 3455 1 150000
6083 3 3455 1 50000
6084 0 3456 196 490000
6085 1 3456 24 480000
6086 2 3456 1 150000
6087 3 3456 1 50000
6088 0 3457 178 445000
6089 1 3457 10 200000
6090 2 3457 1 150000
6091 3 3457 1 50000
6092 0 3458 177 442500
6093 1 3458 22 440000
6094 2 3458 1 150000
6095 3 3458 1 50000
6096 0 3459 139 347500
6097 1 3459 17 340000
6098 2 3459 1 150000
6099 3 3459 1 50000
6100 0 3460 186 465000
6101 1 3460 11 220000
6102 2 3460 1 150000
6103 3 3460 1 50000
6104 0 3461 182 455000
6105 1 3461 17 340000
6106 2 3461 1 150000
6107 3 3461 1 50000
6108 0 3462 146 365000
6109 1 3462 21 420000
6110 2 3462 1 150000
6111 3 3462 1 50000
6112 0 3463 107 267500
6113 1 3463 19 380000
6114 2 3463 1 150000
6115 3 3463 1 50000
6116 0 3464 186 465000
6117 1 3464 11 220000
6118 2 3464 1 150000
6119 3 3464 1 50000
6120 0 3465 170 425000
6121 1 3465 16 320000
6122 2 3465 1 150000
6123 3 3465 1 50000
6124 0 3466 124 310000
6125 1 3466 11 220000
6126 2 3466 1 150000
6127 3 3466 1 50000
6128 0 3467 143 357500
6129 1 3467 20 400000
6130 2 3467 1 150000
6131 3 3467 1 50000
6132 0 3468 182 455000
6133 1 3468 23 460000
6134 2 3468 1 150000
6135 3 3468 1 50000
6136 0 3469 165 412500
6137 1 3469 25 500000
6138 2 3469 1 150000
6139 3 3469 1 50000
6140 0 3470 162 405000
6141 1 3470 22 440000
6142 2 3470 1 150000
6143 3 3470 1 50000
6144 0 3471 135 337500
6145 1 3471 25 500000
6146 2 3471 1 150000
6147 3 3471 1 50000
6148 0 3472 101 252500
6149 1 3472 19 380000
6150 2 3472 1 150000
6151 3 3472 1 50000
6152 0 3473 197 492500
6153 1 3473 25 500000
6154 2 3473 1 150000
6155 3 3473 1 50000
6156 0 3474 193 482500
6157 1 3474 19 380000
6158 2 3474 1 150000
6159 3 3474 1 50000
6160 0 3475 118 295000
6161 1 3475 21 420000
6162 2 3475 1 150000
6163 3 3475 1 50000
6164 0 3476 194 485000
6165 1 3476 10 200000
6166 2 3476 1 150000
6167 3 3476 1 50000
6168 0 3477 158 395000
6169 1 3477 20 400000
6170 2 3477 1 150000
6171 3 3477 1 50000
6172 0 3478 157 392500
6173 1 3478 12 240000
6174 2 3478 1 150000
6175 3 3478 1 50000
6176 0 3479 189 472500
6177 1 3479 21 420000
6178 2 3479 1 150000
6179 3 3479 1 50000
6180 0 3480 198 495000
6181 1 3480 24 480000
6182 2 3480 1 150000
6183 3 3480 1 50000
6184 0 3481 159 397500
6185 1 3481 22 440000
6186 2 3481 1 150000
6187 3 3481 1 50000
6188 0 3482 177 442500
6189 1 3482 22 440000
6190 2 3482 1 150000
6191 3 3482 1 50000
6192 0 3483 138 345000
6193 1 3483 18 360000
6194 2 3483 1 150000
6195 3 3483 1 50000
6196 0 3484 154 385000
6197 1 3484 14 280000
6198 2 3484 1 150000
6199 3 3484 1 50000
6200 0 3485 163 407500
6201 1 3485 12 240000
6202 2 3485 1 150000
6203 3 3485 1 50000
6204 0 3486 194 485000
6205 1 3486 17 340000
6206 2 3486 1 150000
6207 3 3486 1 50000
6208 0 3487 182 455000
6209 1 3487 11 220000
6210 2 3487 1 150000
6211 3 3487 1 50000
6212 4 3487 1 10000
6213 0 3488 176 440000
6214 1 3488 12 240000
6215 2 3488 1 150000
6216 3 3488 1 50000
6217 0 3489 131 327500
6218 1 3489 22 440000
6219 2 3489 1 150000
6220 3 3489 1 50000
6221 0 3490 102 255000
6222 1 3490 22 440000
6223 2 3490 1 150000
6224 3 3490 1 50000
6225 0 3491 104 260000
6226 1 3491 11 220000
6227 2 3491 1 150000
6228 3 3491 1 50000
6229 4 3491 1 255000
6230 0 3492 142 355000
6231 1 3492 16 320000
6232 2 3492 1 150000
6233 3 3492 1 50000
6234 0 3493 128 320000
6235 1 3493 12 240000
6236 2 3493 1 150000
6237 3 3493 1 50000
6238 4 3493 1 195000
6239 0 3494 173 432500
6240 1 3494 24 480000
6241 2 3494 1 150000
6242 3 3494 1 50000
6243 0 3495 151 377500
6244 1 3495 24 480000
6245 2 3495 1 150000
6246 3 3495 1 50000
6247 0 3496 187 467500
6248 1 3496 21 420000
6249 2 3496 1 150000
6250 3 3496 1 50000
6251 0 3497 159 397500
6252 1 3497 12 240000
6253 2 3497 1 150000
6254 3 3497 1 50000
6255 0 3498 153 382500
6256 1 3498 12 240000
6257 2 3498 1 150000
6258 3 3498 1 50000
6259 4 3498 1 2500
6260 0 3499 104 260000
6261 1 3499 21 420000
6262 2 3499 1 150000
6263 3 3499 1 50000
6264 0 3500 197 492500
6265 1 3500 11 220000
6266 2 3500 1 150000
6267 3 3500 1 50000
6268 0 3501 170 425000
6269 1 3501 12 240000
6270 2 3501 1 150000
6271 3 3501 1 50000
6272 0 3502 174 435000
6273 1 3502 12 240000
6274 2 3502 1 150000
6275 3 3502 1 50000
6276 0 3503 180 450000
6277 1 3503 18 360000
6278 2 3503 1 150000
6279 3 3503 1 50000
6280 0 3504 155 387500
6281 1 3504 18 360000
6282 2 3504 1 150000
6283 3 3504 1 50000
6284 0 3505 104 260000
6285 1 3505 14 280000
6286 2 3505 1 150000
6287 3 3505 1 50000
6288 4 3505 1 75000
6289 0 3506 193 482500
6290 1 3506 21 420000
6291 2 3506 1 150000
6292 3 3506 1 50000
6293 0 3507 150 375000
6294 1 3507 17 340000
6295 2 3507 1 150000
6296 3 3507 1 50000
6297 0 3508 132 330000
6298 1 3508 12 240000
6299 2 3508 1 150000
6300 3 3508 1 50000
6301 0 3509 173 432500
6302 1 3509 17 340000
6303 2 3509 1 150000
6304 3 3509 1 50000
6305 0 3510 117 292500
6306 1 3510 10 200000
6307 2 3510 1 150000
6308 3 3510 1 50000
6309 4 3510 1 82500
6310 0 3511 199 497500
6311 1 3511 11 220000
6312 2 3511 1 150000
6313 3 3511 1 50000
6314 0 3512 180 450000
6315 1 3512 16 320000
6316 2 3512 1 150000
6317 3 3512 1 50000
6318 0 3513 188 470000
6319 1 3513 13 260000
6320 2 3513 1 150000
6321 3 3513 1 50000
6322 0 3514 122 305000
6323 1 3514 25 500000
6324 2 3514 1 150000
6325 3 3514 1 50000
6326 0 3515 155 387500
6327 1 3515 25 500000
6328 2 3515 1 150000
6329 3 3515 1 50000
6330 0 3516 159 397500
6331 1 3516 25 500000
6332 2 3516 1 150000
6333 3 3516 1 50000
6334 0 3517 192 480000
6335 1 3517 25 500000
6336 2 3517 1 150000
6337 3 3517 1 50000
6338 0 3518 194 485000
6339 1 3518 20 400000
6340 2 3518 1 150000
6341 3 3518 1 50000
6342 0 3519 193 482500
6343 1 3519 13 260000
6344 2 3519 1 150000
6345 3 3519 1 50000
6346 0 3520 178 445000
6347 1 3520 21 420000
6348 2 3520 1 150000
6349 3 3520 1 50000
6350 0 3521 147 367500
6351 1 3521 13 260000
6352 2 3521 1 150000
6353 3 3521 1 50000
6354 4 3521 1 7500
6355 0 3522 150 375000
6356 1 3522 11 220000
6357 2 3522 1 150000
6358 3 3522 1 50000
6359 4 3522 1 130000
6360 0 3523 124 310000
6361 1 3523 21 420000
6362 2 3523 1 150000
6363 3 3523 1 50000
6364 0 3524 164 410000
6365 1 3524 13 260000
6366 2 3524 1 150000
6367 3 3524 1 50000
6368 4 3524 1 75000
6369 0 3525 181 452500
6370 1 3525 15 300000
6371 2 3525 1 150000
6372 3 3525 1 50000
6373 0 3526 184 460000
6374 1 3526 17 340000
6375 2 3526 1 150000
6376 3 3526 1 50000
6377 0 3527 196 490000
6378 1 3527 14 280000
6379 2 3527 1 150000
6380 3 3527 1 50000
6381 0 3528 183 457500
6382 1 3528 15 300000
6383 2 3528 1 150000
6384 3 3528 1 50000
6385 4 3528 1 17500
6386 0 3529 124 310000
6387 1 3529 18 360000
6388 2 3529 1 150000
6389 3 3529 1 50000
6390 4 3529 1 85000
6391 0 3530 170 425000
6392 1 3530 14 280000
6393 2 3530 1 150000
6394 3 3530 1 50000
6395 4 3530 1 130000
6396 0 3531 110 275000
6397 1 3531 10 200000
6398 2 3531 1 150000
6399 3 3531 1 50000
6400 4 3531 1 300000
6401 0 3532 147 367500
6402 1 3532 16 320000
6403 2 3532 1 150000
6404 3 3532 1 50000
6405 4 3532 1 177500
6406 0 3533 184 460000
6407 1 3533 22 440000
6408 2 3533 1 150000
6409 3 3533 1 50000
6410 0 3534 149 372500
6411 1 3534 21 420000
6412 2 3534 1 150000
6413 3 3534 1 50000
6414 4 3534 1 102500
6415 0 3535 194 485000
6416 1 3535 22 440000
6417 2 3535 1 150000
6418 3 3535 1 50000
6419 0 3536 184 460000
6420 1 3536 20 400000
6421 2 3536 1 150000
6422 3 3536 1 50000
6423 4 3536 1 55000
6424 0 3537 189 472500
6425 1 3537 10 200000
6426 2 3537 1 150000
6427 3 3537 1 50000
6428 4 3537 1 172500
6429 0 3538 144 360000
6430 1 3538 19 380000
6431 2 3538 1 150000
6432 3 3538 1 50000
6433 4 3538 1 185000
6434 0 3539 125 312500
6435 1 3539 25 500000
6436 2 3539 1 150000
6437 3 3539 1 50000
6438 4 3539 1 42500
